5
49320807
56259472
53656259
17870478
54314107
56266995
35933261
58576871
13213164
58402368
21799305
14144337
55926506
33038654
16435241
28024243
36614771
55502728
53859960
30978935
27849620
33895553
49072660
57452213
49015526
57620647
41292923
14495293
20870459
38448858
45804233
32939426
22704101
58151938
26350301
8837299
44823762
45147892
57446610
44139195
56231232
56844316
47007603
56515952
55294831
31141936
54733979
57770870
47027458
30448110
50981161
52082861
44216236
7191243
19297077
58022360
40690674
27766141
54486251
57515308
3769794
33129277
22967331
53956713
57227573
58432726
53859524
27019941
53852439
55125938
55629481
50533441
40935743
54366063
29979931
56620254
53408390
53263272
54588959
29702824
52395903
57054215
53561181
13199069
57511352
52271653
54165843
29634116
35969723
29689092
58528627
57208815
56761137
56573338
33036033
54470301
18912886
31138126
56762537
58608007
44185662
28423260
7626644
56132126
54368793
57255958
54897473
47889841
48456620
53803836
55983600
56734697
55679219
55224063
58566193
57388845
51486703
53262679
57934257
56427035
56299179
50433246
49050644
31878736
58120278
46619614
55461616
16289176
57774630
55952435
55598390
56151532
32593870
57387854
55814286
49093038
34968637
58708509
56906112
54620944
27433398
49550932
56717984
30812792
58644178
55906221
27419871
28481431
55728866
56142846
55794762
13577950
50433786
56629636
57456894
55917179
57131868
57422212
35532012
57948086
45960808
44070345
43228062
57821831
56333513
56316206
57708786
55573081
55152549
53618767
55048843
53152154
55559101
48401832
41470336
39266702
28320421
48106546
53976162
35729601
55005813
50363065
53968288
17679727
54835545
42334330
43224256
53989007
53086863
47967151
40703996
28353582
54024818
53247251
48901678
53630442
53625099
48293300
27522463
7197082
53627001
43431972
53077127
36549363
52512009
52315834
51150622
39748895
38908924
27855339
56694879
55316937
46445494
43165471
41745833
52332458
44963515
43102679
37012795
37004369
53596133
53267065
46549574
23373478
12311942
50256957
35889692
26804181
46773498
44608399
41103592
38058631
37411077
27378490
53885353
53228844
34970799
28001457
22442140
54848614
53438023
42881013
14666047
57138488
53644109
52005407
49982054
35664792
27382557
49223338
27178070
49606098
46560852
39879008
14611233
54829890
53869941
35007805
26751439
11787263
58171761
55553289
53813428
51754729
50056003
43111475
35006861
33230233
11370383
51052740
49112717
48094863
47748338
47462364
45705343
40249305
36395351
33000405
29358196
20960228
17389606
57378367
56049407
53292520
49667537
47520486
39587515
33048744
32562507
29052045
26888239
24539647
53486802
47663201
39024498
29055811
12072060
54588775
52848236
51927252
40118500
23763030
20215400
6426041
57709265
55360826
55015621
53232402
48028814
47443322
46310545
39848193
27001503
25176534
20849882
17735409
57021755
55783379
55041807
53774723
52361231
50013826
49396126
48369861
47162002
43348552
40580013
37536917
36510255
34361385
20287260
17772966
11377518
6674205
57384818
56839919
53393181
49397786
49335844
45954521
39966268
38338088
34372242
33709713
28349414
25599880
56748816
56601820
53674678
53319771
44140038
40213095
38942366
27080982
25959046
22832963
16999885
7445136
56951518
53920172
52603533
50978094
50382581
45078641
44182218
34887780
31455691
25599895
56277630
55880636
53776623
53404056
53336125
51886639
50411694
48264053
42791773
34945532
27479293
16719828
16359391
11494686
10738416
57585632
54998694
53866417
52605138
49783116
45885262
44692597
40564623
40542848
36844809
26353926
23104572
19445960
18871727
14320371
13367673
57761155
55878654
55485351
52966969
52897783
51190635
49750446
49096519
47575240
46630787
41980659
41114927
40828767
40121397
37542682
35986315
35985355
29990405
27205057
22293747
19537822
19091011
14168938
57732522
55265392
52060618
50682544
49395627
47807499
44451596
42117362
34970032
34168644
32841877
32702285
31650330
30003620
27579971
26822039
18759287
14966515
9175386
8016587
56111404
54998144
54347726
54026752
53797045
53658610
50478615
49923319
49296975
46561158
43988962
39998270
39525136
37747323
36261907
34393585
33447354
31714354
30750276
26819992
26757938
24878723
20288005
13439707
6862989
57594292
55826738
55456474
54347532
53758025
52472795
46446227
40786591
39339036
38095952
37547836
36449586
35033374
33755522
33380665
33031432
31659450
28438912
28318087
27407000
27242486
26909957
24861769
24825275
24403990
24254559
21513984
20257074
18024883
15158527
7303071
7133735
6815204
4518860
3147058
57443187
55410790
55133016
49395676
49024361
48927308
47276767
45383479
44360693
39108820
37733579
36641552
29204283
29045558
28028462
27398015
27374153
26958535
18869916
18695524
18634567
18254338
17321016
14150289
9991213
8399228
7319493
6851764
57620103
57462441
53897609
53561138
53437907
50900838
50194993
46996528
45835473
44969840
44712242
43785856
43213735
42741019
39899447
38704964
37346013
36704836
36234824
36042747
33098922
32723763
29216633
29139536
27899164
27819510
27755859
27557893
26886408
26776586
26433778
26242176
23270595
22178996
22010666
21995580
19718763
19511520
19360457
19120496
19023170
15613649
13014347
11699961
11533630
11160701
7444725
7242397
6931897
6858027
5768898
5370366
56938015
56715136
56350157
55711989
54373324
52840500
52363291
52022001
58429650
54444781
42520675
57740091
31490028
49588871
18211445
58218852
54025215
59092617
58965081
58792910
46424164
59052713
58856040
45490008
58978286
58940948
56566197
58816237
57450430
57593024
57471043
57280380
52395216
54011998
29398605
42869001
48628651
49832559
33842127
38234436
47076479
46077017
45492363
48958347
48371822
46614033
46411543
46055750
45459663
45200351
45128185
44631186
43717786
42551022
42200374
41429261
40158845
39049642
38686749
38597417
37905153
37396842
37009609
36568858
36513416
36506929
32775211
31579074
30547087
30344320
29717834
29450704
29340132
29288117
28645683
28389752
27828976
27699430
27431874
27419714
27297276
27131438
26891952
26857664
26736245
24196693
23386740
22615884
22320731
21517651
19164379
17952578
17898402
17365154
17165324
16557710
13675704
13610580
13178610
12621604
11594684
9432003
7560907
7460132
6877600
6743044
5182471
856215
56998500
56874008
55985398
55433053
54891674
54177189
54114504
53734599
53689886
51706505
49352966
48695518
48399979
48363865
48193386
44847196
44751785
44618871
43161710
42616754
42563590
41926331
41830556
41306614
41169873
41010468
39857484
38624986
38388999
36687722
35520966
35115393
33205262
33011119
32864721
32269289
31916437
29865055
29257499
28573540
28522941
28102345
27910654
27843941
27513779
27405336
27328657
27277509
27128314
27052110
26920424
26253070
25599709
24584243
24335098
20624466
19078521
18886112
16079352
15026137
14474089
13172799
11556904
8890833
8165623
7293891
7243099
7147511
6859165
6854391
2345237
2344022
58138127
58090502
56553216
54518809
53783284
53315827
52830171
51915056
51894105
50666965
50607338
50117078
49337552
49016424
48168617
